mH = 1.0;
L = 1;
I0 = 1.0;

gamma = 0.1; % Angle of slope
g = 9.81;
q0 = [0 0 0.1 4/pi 0 0 0 0]